87 2347005 43.977268
100 2347005 47.381432
149 2447005 49.426712
4086 2697005 37.616486
4036 2777005 30.789608
1895 5638005 49.959984
1880 5658005 39.000000
1860 5688005 36.482872
1690 5873005 42.883564
1623 5928005 38.961521
1601 5948005 43.692104
1554 5993005 45.376205
1536 6013005 42.555847
1486 6088005 45.727455
1463 6113005 48.352871
1447 6128005 48.713448
1445 6133005 48.311489
1427 6158005 39.230091
4625 1134005 40.938980
4147 2616005 40.323689
3914 2986005 47.095646
3231 3790005 43.324360
2904 4222005 46.173584
2413 4962005 38.832977
902 6812005 41.916584
810 6936005 33.674915
4281 2326005 44.732540
4038 2770005 48.948952
3808 3117005 45.923851
3659 3331005 46.808121
3407 3619005 45.760246
66 8353005 49.000000
4718 842005 34.307434
2613 4698005 46.551048
2498 4849005 34.322006
2301 5121005 38.327538
2260 5189005 15.362291
1925 5601005 42.402828
1852 5701005 37.854988
1728 5841005 49.487373
992 6700005 48.938736
950 6745005 36.318039
273 7779005 37.215588
63 8363005 40.074928
4690 911005 35.256207
4677 941005 46.872166
2770 4447005 46.054317
2485 4863005 40.693981
2406 4971005 41.496986
1909 5612005 38.078865
781 6970005 42.261093
327 7681005 33.301651
288 7754005 36.646965
102 8298005 41.012192
4214 2503005 49.142651
3567 3428005 47.560490
3559 3432005 44.226688
3322 3698005 49.959984
2311 5102005 47.138096
2218 5247005 47.191101
2014 5531005 40.583248
1963 5572005 35.156792
1604 5947005 39.534794
1231 6396005 47.476311
1227 6406005 40.607880
392 7578005 35.369480
120 8214005 44.158806
52 8377005 35.213634
3293 3729005 43.749287
2484 4864005 39.698868
2363 5033005 33.436508
2299 5122005 46.776062
2104 5400005 48.311489
1854 5697005 42.555847
1327 6264005 32.496155
1330 6267005 38.755646
1225 6404005 30.757113
151 8125005 32.233524
4035 2778005 33.955853
3286 3735005 44.665424
3268 3756005 27.946377
3227 3789005 41.665333
3179 3843005 43.760712
2883 4248005 37.403210
2777 4440005 44.226688
2596 4715005 44.317039
2161 5329005 32.588341
1778 5785005 37.509998
56 8373005 38.183765
54 8379005 39.191837
4801 508005 48.785244
4707 867005 34.307434
4239 2448005 22.045408
4064 2735005 42.083252
3386 3643005 47.874836
2862 4290005 40.767635
2795 4407005 32.480762
2760 4463005 37.429935
2721 4513005 48.052055
2676 4586005 37.735924
2421 4952005 48.795490
2353 5052005 44.553337
2215 5249005 46.658333
2099 5416005 47.895721
2008 5534005 47.560490
626 7131005 37.828560
119 8220005 34.957115
43 8400005 49.295029
4411 1898005 25.865034
128 3434005 45.122055
3285 3734005 36.674240
2552 4779005 39.635841
2006 5535005 26.419689
790 6964005 42.225586
452 7469005 37.107952
4744 724005 35.777088
4616 1169005 38.209946
3918 2972005 46.497311
3889 3008005 39.949970
3067 4004005 44.833023
2644 4640005 48.579830
2556 4772005 49.969990
2200 5273005 49.568134
2041 5499005 16.852299
1631 5922005 40.804413
791 6963005 42.918526
186 8060005 46.540306
118 8219005 46.776062
545 1027003 49.618546
4305 2263005 33.749073
3865 3042005 45.541191
2786 4418005 34.496376
1790 5775005 40.521599
1433 6150005 32.680271
740 7009005 48.435524
345 7642005 40.348480
110 8253005 42.071369
4431 1851005 36.810326
3925 2961005 33.955853
3799 3139005 40.865635
3764 3192005 31.464266
3628 3354005 46.454277
3144 3879005 29.765753
2816 4387005 38.470768
2674 4590005 43.266617
2201 5270005 40.261642
2005 5536005 30.430248
1888 5640005 39.736633
1591 5956005 36.359318
1514 6047005 42.778500
633 7120005 27.910572
53 8378005 35.510563
4352 2087005 44.888752
4329 2163005 24.228083
3902 2994005 30.643106
3822 3093005 41.291645
3625 3361005 46.000000
2026 5515005 43.588989
1834 5726005 47.885281
1833 5727005 48.373547
1377 6223005 39.585350
1298 6295005 45.793011
998 6692005 43.197224
847 6885005 39.064049
4655 995005 44.237991
4127 2654005 48.187134
3464 3548005 45.420261
3452 3565005 47.958317
3237 3783005 49.071377
3139 3890005 29.765753
3056 4014005 49.162994
2871 4276005 47.010635
2860 4296005 46.368092
2857 4300005 47.106262
2431 4940005 41.279533
1226 6405005 28.513155
1146 6496005 47.042534
894 6830005 42.813549
437 7491005 31.606962
252 7856005 24.515301
3927 2960005 33.136082
3079 3992005 49.081566
2836 4347005 28.530685
2407 4970005 45.099888
2134 5360005 45.155289
128 8500005 43.543083
4877 38005 46.529560
4689 912005 31.224991
4650 1017005 18.520260
3805 3123005 47.853943
3450 3568005 38.483765
2827 4357005 44.777225
2582 4731005 37.973675
2354 5051005 42.626282
2058 5478005 26.627054
1328 6263005 33.211445
1329 6266005 41.916584
1320 6272005 49.507576
1248 6378005 46.690472
951 6746005 31.591139
112 8759005 41.593269
4879 75005 38.923000
4649 1018005 18.411953
4478 1713005 38.845848
4405 1910005 32.969685
4166 2584005 49.193497
3523 3490005 36.221542
3504 3510005 35.369480
2636 4647005 28.982754
2481 4875005 47.707443
2357 5044005 38.548672
2042 5498005 23.216373
2035 5508005 20.856653
1504 6056005 49.537865
870 6862005 39.724049
809 6937005 44.463467
190 8040005 33.511192
4815 469005 38.768543
3802 3134005 44.877613
3013 4059005 45.902069
2147 5348005 49.335587
1016 6660005 49.638695
677 7069005 27.147743
87 8247005 48.918301
4657 992005 31.527765
3191 3836005 43.794975
2780 4429005 45.639896
2776 4441005 38.105118
2313 5096005 31.240999
2149 5345005 47.138096
1126 6521005 32.000000
1057 6618005 49.959984
475 7435005 46.270943
4535 1474005 46.765373
4032 2779005 26.267851
3542 3462005 43.474129
2949 4140005 41.749252
2703 4538005 49.749371
1958 5573005 35.411861
1672 5892005 22.825424
1505 6055005 29.444864
1197 6436005 47.518417
4761 662005 48.363209
4747 703005 39.924931
4612 1185005 38.845848
2643 4641005 46.872166
2547 4783005 37.229019
2348 5063005 38.065731
2219 5244005 41.036568
2067 5468005 36.359318
1732 5834005 38.535698
427 7517005 47.318073
3988 2845005 42.813549
3336 3688005 48.249352
2511 4836005 40.360870
2359 5040005 33.704597
2123 5375005 47.655010
2082 5444005 44.384682
529 7295005 42.965103
68 8350005 43.954521
3798 3140005 43.829212
3630 3355005 48.363209
2778 4439005 41.581245
2701 4540005 41.170376
2382 5011005 35.128338
1056 6613005 28.178005
662 7092005 48.114449
259 7841005 42.059483
544 8072005 46.936127
131 2093005 46.647614
4330 2160005 38.910152
4155 2608005 44.271889
3943 2919005 31.368774
2294 5129005 38.183765
2234 5220005 48.682644
2109 5394005 35.749126
1957 5574005 38.052597
1543 6004005 44.474712
1538 6011005 30.430248
1444 6134005 35.930489
3960 2893005 36.496574
3612 3383005 46.076023
3221 3796005 46.173584
2672 4591005 46.701180
2453 4911005 38.340580
2089 5429005 49.142651
1972 5559005 49.678970
903 6811005 46.335732
655 7102005 45.814846
4162 2603005 48.031239
3614 3384005 29.832869
3406 3620005 33.075672
3294 3728005 46.936127
1084 6581005 43.554562
974 6719005 43.428101
864 6874005 47.801674
839 6899005 46.065170
775 6978005 45.077709
694 7054005 40.311287
4824 420005 48.877399
4088 2696005 32.341923
3769 3184005 42.332020
3621 3368005 46.162754
3437 3582005 43.737854
2741 4485005 49.709152
2083 5442005 44.395947
1955 5569005 49.729267
128 795003 48.062458
4257 2398005 48.826221
4254 2419005 49.709152
2283 5149005 38.535698
1493 6076005 45.387222
512 7356005 41.773197
490 7399005 46.658333
122 8595005 42.743420
4632 1097005 27.018513
4504 1634005 45.276924
3877 3027005 35.369480
3781 3160005 36.152454
3399 3626005 36.193924
2902 4228005 49.769470
2881 4261005 48.805737
2529 4820005 44.654228
648 7111005 21.954498
618 7135005 31.796227
302 7734005 46.054317
282 7759005 36.755951
